[35, 1, 2, 113500]
[36, 0, 1, 113501]
[36, 1, 2, 113502]
[36, 1, 13, 113503]
[36, 1, 2, 113504]
[35, 1, 3, 113505]
[36, 0, 1, 113506]
[37, 0, 2, 113507]
[35, 1, 2, 113508]
[36, 0, 1, 113509]
[36, 1, 2, 113510]
[36, 1, 3, 113511]
[36, 1, 2, 113512]
[37, 0, 1, 113513]
[36, 1, 2, 113514]
[36, 1, 73, 113515]
[36, 1, 2, 113516]
[36, 1, 3, 113517]
[37, 0, 1, 113518]
[37, 1, 7, 113519]
[35, 1, 2, 113520]
[36, 0, 1, 113521]
[36, 1, 2, 113522]
[36, 1, 3, 113523]
[36, 1, 2, 113524]
[36, 1, 5, 113525]
[35, 1, 2, 113526]
[36, 0, 1, 113527]
[36, 1, 2, 113528]
[36, 1, 3, 113529]
[36, 1, 2, 113530]
[37, 0, 1, 113531]
[36, 1, 2, 113532]
[36, 1, 7, 113533]
[37, 0, 1, 113534]
[35, 1, 3, 113535]
[36, 0, 1, 113536]
[37, 0, 2, 113537]
[36, 1, 2, 113538]
[37, 0, 1, 113539]
[35, 1, 2, 113540]
[36, 0, 1, 113541]
[36, 1, 2, 113542]
[37, 0, 1, 113543]
[35, 1, 2, 113544]
[36, 0, 1, 113545]
[36, 1, 2, 113546]
[36, 1, 3, 113547]
[36, 1, 2, 113548]
[37, 0, 1, 113549]
[35, 1, 2, 113550]
[36, 0, 1, 113551]
[36, 1, 2, 113552]
[36, 1, 3, 113553]
[36, 1, 2, 113554]
[36, 1, 5, 113555]
[36, 1, 2, 113556]
[37, 0, 1, 113557]
[37, 1, 2, 113558]
[37, 1, 3, 113559]
[36, 1, 2, 113560]
[37, 0, 1, 113561]
[35, 1, 2, 113562]
[36, 0, 1, 113563]
[36, 1, 2, 113564]
[36, 1, 3, 113565]
[37, 0, 1, 113566]
[38, 0, 2, 113567]
[35, 1, 2, 113568]
[36, 0, 1, 113569]
[36, 1, 2, 113570]
[36, 1, 3, 113571]
[36, 1, 2, 113572]
[37, 0, 1, 113573]
[36, 1, 2, 113574]
[35, 1, 5, 113575]
[36, 0, 1, 113576]
[36, 1, 3, 113577]
[36, 1, 2, 113578]
[37, 0, 1, 113579]
[35, 1, 2, 113580]
[36, 0, 1, 113581]
[36, 1, 2, 113582]
[36, 1, 3, 113583]
[36, 1, 2, 113584]
[36, 1, 5, 113585]
[36, 1, 2, 113586]
[36, 1, 97, 113587]
[36, 1, 2, 113588]
[35, 1, 3, 113589]
[36, 0, 1, 113590]
[37, 0, 2, 113591]
[36, 1, 2, 113592]
[37, 0, 1, 113593]
[36, 1, 2, 113594]
[36, 1, 3, 113595]
[36, 1, 2, 113596]
[36, 1, 253, 113597]
[36, 1, 2, 113598]
[37, 0, 1, 113599]
[35, 1, 2, 113600]
[36, 0, 1, 113601]
[36, 1, 2, 113602]
[37, 0, 1, 113603]
[36, 1, 2, 113604]
[36, 1, 5, 113605]
[36, 1, 2, 113606]
[36, 1, 3, 113607]
[36, 1, 2, 113608]
[37, 0, 1, 113609]
[35, 1, 2, 113610]
[36, 0, 1, 113611]
[36, 1, 2, 113612]
[36, 1, 3, 113613]
[37, 0, 1, 113614]
[36, 1, 5, 113615]
[35, 1, 2, 113616]
[36, 0, 1, 113617]
[36, 1, 2, 113618]
[36, 1, 3, 113619]
[36, 1, 2, 113620]
[37, 0, 1, 113621]
[36, 1, 2, 113622]
[37, 0, 1, 113623]
[36, 1, 2, 113624]
[35, 1, 3, 113625]
[36, 0, 1, 113626]
[36, 1, 37, 113627]
[36, 1, 2, 113628]
[37, 0, 1, 113629]
[36, 1, 2, 113630]
[36, 1, 3, 113631]
[37, 0, 1, 113632]
[37, 1, 13, 113633]
[36, 1, 2, 113634]
[37, 0, 1, 113635]
[37, 1, 2, 113636]
[37, 1, 3, 113637]
[37, 1, 2, 113638]
[37, 1, 19, 113639]
[36, 1, 2, 113640]
[37, 0, 1, 113641]
[37, 1, 2, 113642]
[36, 1, 3, 113643]
[37, 0, 1, 113644]
[36, 1, 5, 113645]
[36, 1, 2, 113646]
[37, 0, 1, 113647]
[37, 1, 2, 113648]
[36, 1, 3, 113649]
[36, 1, 2, 113650]
[37, 0, 1, 113651]
[35, 1, 2, 113652]
[36, 0, 1, 113653]
[36, 1, 2, 113654]
[36, 1, 3, 113655]
[36, 1, 2, 113656]
[37, 0, 1, 113657]
[36, 1, 2, 113658]
[36, 1, 7, 113659]
[37, 0, 1, 113660]
[36, 1, 3, 113661]
[37, 0, 1, 113662]
[36, 1, 11, 113663]
[34, 1, 2, 113664]
[35, 0, 1, 113665]
[35, 1, 2, 113666]
[35, 1, 3, 113667]
[35, 1, 2, 113668]
[36, 0, 1, 113669]
[35, 1, 2, 113670]
[36, 0, 1, 113671]
[35, 1, 2, 113672]
[36, 0, 1, 113673]
[36, 1, 2, 113674]
[36, 1, 5, 113675]
[35, 1, 2, 113676]
[36, 0, 1, 113677]
[36, 1, 2, 113678]
[36, 1, 3, 113679]
[35, 1, 2, 113680]
[36, 0, 1, 113681]
[36, 1, 2, 113682]
[37, 0, 1, 113683]
[36, 1, 2, 113684]
[36, 1, 3, 113685]
[37, 0, 1, 113686]
[36, 1, 7, 113687]
[35, 1, 2, 113688]
[36, 0, 1, 113689]
[36, 1, 2, 113690]
[36, 1, 3, 113691]
[36, 1, 2, 113692]
[37, 0, 1, 113693]
[36, 1, 2, 113694]
[37, 0, 1, 113695]
[35, 1, 2, 113696]
[36, 0, 1, 113697]
[36, 1, 2, 113698]
[37, 0, 1, 113699]
[35, 1, 2, 113700]
[35, 1, 37, 113701]
[36, 0, 1, 113702]
[36, 1, 3, 113703]
[36, 1, 2, 113704]
[36, 1, 5, 113705]
[36, 1, 2, 113706]
[37, 0, 1, 113707]
[36, 1, 2, 113708]
[37, 0, 1, 113709]
[36, 1, 2, 113710]
[37, 0, 1, 113711]
[35, 1, 2, 113712]
[36, 0, 1, 113713]
[36, 1, 2, 113714]
[35, 1, 3, 113715]
[36, 0, 1, 113716]
[37, 0, 2, 113717]
[36, 1, 2, 113718]
[37, 0, 1, 113719]
[36, 1, 2, 113720]
[37, 0, 1, 113721]
[36, 1, 7, 113722]
[37, 0, 1, 113723]
[33, 1, 2, 113724]
[34, 0, 1, 113725]
[34, 1, 2, 113726]
[34, 1, 3, 113727]
[34, 1, 2, 113728]
[35, 0, 1, 113729]
[34, 1, 2, 113730]
[35, 0, 1, 113731]
[35, 1, 2, 113732]
[34, 1, 3, 113733]
[35, 0, 1, 113734]
[36, 0, 2, 113735]
[34, 1, 2, 113736]
[34, 1, 13, 113737]
[35, 0, 1, 113738]
[35, 1, 3, 113739]
[35, 1, 2, 113740]
[36, 0, 1, 113741]
[34, 1, 2, 113742]
[35, 0, 1, 113743]
[35, 1, 2, 113744]
[35, 1, 3, 113745]
[36, 0, 1, 113746]
[37, 0, 2, 113747]
[35, 1, 2, 113748]
[36, 0, 1, 113749]
[34, 1, 2, 113750]
[34, 1, 3, 113751]
[35, 0, 1, 113752]
[36, 0, 2, 113753]
[35, 1, 3, 113754]
[36, 0, 1, 113755]
[37, 0, 2, 113756]
[36, 1, 3, 113757]
[37, 0, 1, 113758]
[38, 0, 2, 113759]
[34, 1, 2, 113760]
[35, 0, 1, 113761]
[35, 1, 2, 113762]
[34, 1, 3, 113763]
[35, 0, 1, 113764]
[36, 0, 2, 113765]
[35, 1, 2, 113766]
[36, 0, 1, 113767]
[36, 1, 2, 113768]
[35, 1, 3, 113769]
[36, 0, 1, 113770]
[37, 0, 2, 113771]
[35, 1, 2, 113772]
[36, 0, 1, 113773]
[36, 1, 2, 113774]
[35, 1, 3, 113775]
[34, 1, 2, 113776]
[35, 0, 1, 113777]
[34, 1, 2, 113778]
[35, 0, 1, 113779]
[35, 1, 2, 113780]
[35, 1, 3, 113781]
[36, 0, 1, 113782]
[37, 0, 2, 113783]
[35, 1, 2, 113784]
[36, 0, 1, 113785]
[36, 1, 2, 113786]
[35, 1, 3, 113787]
[36, 0, 1, 113788]
[35, 1, 13, 113789]
[36, 0, 1, 113790]
[37, 0, 2, 113791]
[35, 1, 2, 113792]
[36, 0, 1, 113793]
[36, 1, 2, 113794]
[37, 0, 1, 113795]
[35, 1, 2, 113796]
[36, 0, 1, 113797]
[36, 1, 2, 113798]
[36, 1, 3, 113799]
[36, 1, 2, 113800]
[37, 0, 1, 113801]
[34, 1, 2, 113802]
[35, 0, 1, 113803]
[35, 1, 2, 113804]
[34, 1, 3, 113805]
[35, 0, 1, 113806]
[36, 0, 2, 113807]
[35, 1, 2, 113808]
[36, 0, 1, 113809]
[36, 1, 2, 113810]
[36, 1, 3, 113811]
[35, 1, 2, 113812]
[36, 0, 1, 113813]
[35, 1, 3, 113814]
[35, 1, 13, 113815]
[36, 0, 1, 113816]
[36, 1, 3, 113817]
[37, 0, 1, 113818]
[38, 0, 2, 113819]
[35, 1, 2, 113820]
[36, 0, 1, 113821]
[36, 1, 2, 113822]
[36, 1, 3, 113823]
[36, 1, 2, 113824]
[36, 1, 5, 113825]
[36, 1, 2, 113826]
[36, 1, 7, 113827]
[35, 1, 2, 113828]
[36, 0, 1, 113829]
[36, 1, 2, 113830]
[37, 0, 1, 113831]
[34, 1, 2, 113832]
[35, 0, 1, 113833]
[35, 1, 2, 113834]
[35, 1, 3, 113835]
[35, 1, 2, 113836]
[36, 0, 1, 113837]
[35, 1, 2, 113838]
[36, 0, 1, 113839]
[36, 1, 2, 113840]
[34, 1, 3, 113841]
[35, 0, 1, 113842]
[36, 0, 2, 113843]
[35, 1, 2, 113844]
[36, 0, 1, 113845]
[36, 1, 2, 113846]
[36, 1, 3, 113847]
[36, 1, 2, 113848]
[36, 1, 17, 113849]
[35, 1, 2, 113850]
[36, 0, 1, 113851]
[36, 1, 2, 113852]
[36, 1, 3, 113853]
[35, 1, 13, 113854]
[36, 0, 1, 113855]
[35, 1, 2, 113856]
[36, 0, 1, 113857]
[36, 1, 2, 113858]
[35, 1, 3, 113859]
[36, 0, 1, 113860]
[37, 0, 2, 113861]
[36, 1, 2, 113862]
[36, 1, 31, 113863]
[36, 1, 2, 113864]
[36, 1, 3, 113865]
[36, 1, 2, 113866]
[36, 1, 13, 113867]
[35, 1, 2, 113868]
[36, 0, 1, 113869]
[36, 1, 2, 113870]
[36, 1, 3, 113871]
[36, 1, 2, 113872]
[37, 0, 1, 113873]
[36, 1, 2, 113874]
[36, 1, 5, 113875]
[36, 1, 2, 113876]
[36, 1, 3, 113877]
[37, 0, 1, 113878]
[37, 1, 263, 113879]
[34, 1, 2, 113880]
[35, 0, 1, 113881]
[35, 1, 2, 113882]
[35, 1, 3, 113883]
[35, 1, 2, 113884]
[36, 0, 1, 113885]
[34, 1, 2, 113886]
[35, 0, 1, 113887]
[35, 1, 2, 113888]
[35, 1, 3, 113889]
[36, 0, 1, 113890]
[37, 0, 2, 113891]
[35, 1, 2, 113892]
[35, 1, 13, 113893]
[36, 0, 1, 113894]
[35, 1, 3, 113895]
[36, 0, 1, 113896]
[37, 0, 2, 113897]
[36, 1, 2, 113898]
[37, 0, 1, 113899]
[36, 1, 2, 113900]
[37, 0, 1, 113901]
[37, 1, 2, 113902]
[38, 0, 1, 113903]
[35, 1, 2, 113904]
[35, 1, 19, 113905]
[35, 1, 2, 113906]
[36, 0, 1, 113907]
[36, 1, 2, 113908]
[37, 0, 1, 113909]
[36, 1, 2, 113910]
[36, 1, 7, 113911]
[36, 1, 2, 113912]
[35, 1, 3, 113913]
[36, 0, 1, 113914]
[37, 0, 2, 113915]
[36, 1, 2, 113916]
[37, 0, 1, 113917]
[36, 1, 2, 113918]
[35, 1, 3, 113919]
[35, 1, 2, 113920]
[36, 0, 1, 113921]
[36, 1, 2, 113922]
[35, 1, 37, 113923]
[35, 1, 2, 113924]
[35, 1, 3, 113925]
[36, 0, 1, 113926]
[37, 0, 2, 113927]
[36, 1, 2, 113928]
[37, 0, 1, 113929]
[36, 1, 5, 113930]
[37, 0, 1, 113931]
[35, 1, 2, 113932]
[36, 0, 1, 113933]
[36, 1, 2, 113934]
[37, 0, 1, 113935]
[36, 1, 2, 113936]
[36, 1, 3, 113937]
[37, 0, 1, 113938]
[37, 1, 7, 113939]
[35, 1, 2, 113940]
[36, 0, 1, 113941]
[36, 1, 2, 113942]
[35, 1, 3, 113943]
[36, 0, 1, 113944]
[36, 1, 5, 113945]
[36, 1, 2, 113946]
[37, 0, 1, 113947]
[37, 1, 2, 113948]
[36, 1, 3, 113949]
[36, 1, 2, 113950]
[37, 0, 1, 113951]
[36, 1, 2, 113952]
[36, 1, 7, 113953]
[37, 0, 1, 113954]
[36, 1, 3, 113955]
[36, 1, 2, 113956]
[37, 0, 1, 113957]
[34, 1, 2, 113958]
[35, 0, 1, 113959]
[35, 1, 2, 113960]
[35, 1, 3, 113961]
[36, 0, 1, 113962]
[37, 0, 2, 113963]
[35, 1, 2, 113964]
[36, 0, 1, 113965]
[36, 1, 2, 113966]
[34, 1, 3, 113967]
[35, 0, 1, 113968]
[36, 0, 2, 113969]
[35, 1, 3, 113970]
[35, 1, 13, 113971]
[36, 0, 1, 113972]
[36, 1, 3, 113973]
[36, 1, 2, 113974]
[36, 1, 5, 113975]
[35, 1, 2, 113976]
[36, 0, 1, 113977]
[36, 1, 2, 113978]
[36, 1, 3, 113979]
[36, 1, 2, 113980]
[37, 0, 1, 113981]
[36, 1, 2, 113982]
[37, 0, 1, 113983]
[35, 1, 2, 113984]
[36, 0, 1, 113985]
[36, 1, 2, 113986]
[37, 0, 1, 113987]
[36, 1, 2, 113988]
[37, 0, 1, 113989]
[37, 1, 2, 113990]
[37, 1, 3, 113991]
[37, 1, 2, 113992]
[37, 1, 11, 113993]
[35, 1, 3, 113994]
[36, 0, 1, 113995]
[37, 0, 2, 113996]
[35, 1, 3, 113997]
[36, 0, 1, 113998]
[37, 0, 2, 113999]
[35, 1, 2, 114000]
[36, 0, 1, 114001]
[36, 1, 2, 114002]
[36, 1, 3, 114003]
[36, 1, 2, 114004]
[36, 1, 5, 114005]
[36, 1, 2, 114006]
[37, 0, 1, 114007]
[36, 1, 2, 114008]
[37, 0, 1, 114009]
[36, 1, 2, 114010]
[37, 0, 1, 114011]
[36, 1, 2, 114012]
[37, 0, 1, 114013]
[36, 1, 2, 114014]
[36, 1, 3, 114015]
[36, 1, 2, 114016]
[36, 1, 113, 114017]
[36, 1, 2, 114018]
[36, 1, 19, 114019]
[36, 1, 2, 114020]
[36, 1, 3, 114021]
[37, 0, 1, 114022]
[37, 1, 7, 114023]
[36, 1, 2, 114024]
[36, 1, 5, 114025]
[36, 1, 2, 114026]
[37, 0, 1, 114027]
[37, 1, 2, 114028]
[38, 0, 1, 114029]
[35, 1, 2, 114030]
[36, 0, 1, 114031]
[36, 1, 2, 114032]
[36, 1, 3, 114033]
[36, 1, 2, 114034]
[36, 1, 5, 114035]
[35, 1, 2, 114036]
[36, 0, 1, 114037]
[36, 1, 2, 114038]
[36, 1, 3, 114039]
[36, 1, 2, 114040]
[37, 0, 1, 114041]
[36, 1, 2, 114042]
[37, 0, 1, 114043]
[36, 1, 2, 114044]
[36, 1, 3, 114045]
[36, 1, 2, 114046]
[37, 0, 1, 114047]
[34, 1, 2, 114048]
[35, 0, 1, 114049]
[35, 1, 2, 114050]
[35, 1, 3, 114051]
[35, 1, 2, 114052]
[36, 0, 1, 114053]
[35, 1, 2, 114054]
[36, 0, 1, 114055]
[35, 1, 2, 114056]
[35, 1, 3, 114057]
[36, 0, 1, 114058]
[35, 1, 11, 114059]
[35, 1, 2, 114060]
[36, 0, 1, 114061]
[36, 1, 2, 114062]
[36, 1, 3, 114063]
[35, 1, 2, 114064]
[36, 0, 1, 114065]
[35, 1, 2, 114066]
[36, 0, 1, 114067]
[36, 1, 2, 114068]
[36, 1, 3, 114069]
[35, 1, 2, 114070]
[36, 0, 1, 114071]
[35, 1, 2, 114072]
[36, 0, 1, 114073]
[36, 1, 2, 114074]
[34, 1, 3, 114075]
[35, 0, 1, 114076]
[36, 0, 2, 114077]
[35, 1, 3, 114078]
[36, 0, 1, 114079]
[35, 1, 2, 114080]
[35, 1, 3, 114081]
[36, 0, 1, 114082]
[37, 0, 2, 114083]
[35, 1, 2, 114084]
[36, 0, 1, 114085]
[36, 1, 2, 114086]
[36, 1, 3, 114087]
[35, 1, 13, 114088]
[36, 0, 1, 114089]
[36, 1, 2, 114090]
[36, 1, 271, 114091]
[35, 1, 2, 114092]
[36, 0, 1, 114093]
[36, 1, 2, 114094]
[36, 1, 5, 114095]
[35, 1, 2, 114096]
[36, 0, 1, 114097]
[36, 1, 2, 114098]
[36, 1, 3, 114099]
[35, 1, 2, 114100]
[36, 0, 1, 114101]
[35, 1, 2, 114102]
[36, 0, 1, 114103]
[36, 1, 2, 114104]
[36, 1, 3, 114105]
[37, 0, 1, 114106]
[36, 1, 7, 114107]
[35, 1, 2, 114108]
[36, 0, 1, 114109]
[36, 1, 2, 114110]
[36, 1, 3, 114111]
[35, 1, 2, 114112]
[36, 0, 1, 114113]
[35, 1, 2, 114114]
[36, 0, 1, 114115]
[36, 1, 2, 114116]
[36, 1, 3, 114117]
[37, 0, 1, 114118]
[37, 1, 139, 114119]
[35, 1, 2, 114120]
[36, 0, 1, 114121]
[36, 1, 2, 114122]
[36, 1, 3, 114123]
[36, 1, 2, 114124]
[36, 1, 5, 114125]
[36, 1, 2, 114126]
[36, 1, 13, 114127]
[36, 1, 2, 114128]
[35, 1, 3, 114129]
[36, 0, 1, 114130]
[37, 0, 2, 114131]
[36, 1, 2, 114132]
[37, 0, 1, 114133]
[37, 1, 2, 114134]
[36, 1, 3, 114135]
[35, 1, 2, 114136]
[36, 0, 1, 114137]
[36, 1, 2, 114138]
[37, 0, 1, 114139]
[36, 1, 2, 114140]
[37, 0, 1, 114141]
[36, 1, 217, 114142]
[37, 0, 1, 114143]
[35, 1, 2, 114144]
[36, 0, 1, 114145]
[36, 1, 2, 114146]
[35, 1, 3, 114147]
[36, 0, 1, 114148]
[37, 0, 2, 114149]
[36, 1, 2, 114150]
[36, 1, 211, 114151]
[36, 1, 2, 114152]
[36, 1, 3, 114153]
[37, 0, 1, 114154]
[36, 1, 5, 114155]
[35, 1, 2, 114156]
[36, 0, 1, 114157]
[36, 1, 2, 114158]
[36, 1, 3, 114159]
[36, 1, 2, 114160]
[37, 0, 1, 114161]
[36, 1, 2, 114162]
[36, 1, 7, 114163]
[37, 0, 1, 114164]
[36, 1, 3, 114165]
[37, 0, 1, 114166]
[38, 0, 2, 114167]
[36, 1, 2, 114168]
[36, 1, 97, 114169]
[36, 1, 2, 114170]
[37, 0, 1, 114171]
[36, 1, 2, 114172]
[36, 1, 29, 114173]
[36, 1, 2, 114174]
[37, 0, 1, 114175]
[35, 1, 2, 114176]
[36, 0, 1, 114177]
[36, 1, 2, 114178]
[37, 0, 1, 114179]
[35, 1, 2, 114180]
[36, 0, 1, 114181]
[36, 1, 2, 114182]
[36, 1, 3, 114183]
[36, 1, 2, 114184]
[37, 0, 1, 114185]
[36, 1, 2, 114186]
[37, 0, 1, 114187]
[37, 1, 2, 114188]
[37, 1, 3, 114189]
[36, 1, 2, 114190]
[36, 1, 11, 114191]
[34, 1, 2, 114192]
[35, 0, 1, 114193]
[35, 1, 2, 114194]
[35, 1, 3, 114195]
[35, 1, 2, 114196]
[36, 0, 1, 114197]
[35, 1, 2, 114198]
[36, 0, 1, 114199]
[36, 1, 2, 114200]
[35, 1, 3, 114201]
[36, 0, 1, 114202]
[37, 0, 2, 114203]
[35, 1, 2, 114204]
[35, 1, 13, 114205]
[36, 0, 1, 114206]
[36, 1, 3, 114207]
[36, 1, 2, 114208]
[37, 0, 1, 114209]
[34, 1, 2, 114210]
[35, 0, 1, 114211]
[35, 1, 2, 114212]
[35, 1, 3, 114213]
[36, 0, 1, 114214]
[36, 1, 5, 114215]
[35, 1, 2, 114216]
[36, 0, 1, 114217]
[35, 1, 2, 114218]
[35, 1, 3, 114219]
[36, 0, 1, 114220]
[37, 0, 2, 114221]
[36, 1, 2, 114222]
[37, 0, 1, 114223]
[35, 1, 2, 114224]
[36, 0, 1, 114225]
[36, 1, 2, 114226]
[37, 0, 1, 114227]
[35, 1, 2, 114228]
[36, 0, 1, 114229]
[36, 1, 2, 114230]
[35, 1, 3, 114231]
[36, 0, 1, 114232]
[37, 0, 2, 114233]
[36, 1, 2, 114234]
[36, 1, 11, 114235]
[37, 0, 1, 114236]
[35, 1, 3, 114237]
[36, 0, 1, 114238]
[37, 0, 2, 114239]
[35, 1, 2, 114240]
[36, 0, 1, 114241]
[36, 1, 2, 114242]
[36, 1, 3, 114243]
[35, 1, 2, 114244]
[36, 0, 1, 114245]
[35, 1, 2, 114246]
[36, 0, 1, 114247]
[36, 1, 2, 114248]
[36, 1, 3, 114249]
[36, 1, 2, 114250]
[37, 0, 1, 114251]
[36, 1, 2, 114252]
[36, 1, 61, 114253]
[36, 1, 2, 114254]
[36, 1, 3, 114255]
[35, 1, 2, 114256]
[36, 0, 1, 114257]
[36, 1, 2, 114258]
[37, 0, 1, 114259]
[36, 1, 2, 114260]
[36, 1, 3, 114261]
[37, 0, 1, 114262]
[36, 1, 163, 114263]
[35, 1, 2, 114264]
[36, 0, 1, 114265]
[36, 1, 2, 114266]
[36, 1, 3, 114267]
[36, 1, 2, 114268]
[37, 0, 1, 114269]
[35, 1, 2, 114270]
[36, 0, 1, 114271]
[36, 1, 2, 114272]
[36, 1, 3, 114273]
[36, 1, 2, 114274]
[36, 1, 5, 114275]
[36, 1, 2, 114276]
[37, 0, 1, 114277]
[37, 1, 2, 114278]
[36, 1, 3, 114279]
[36, 1, 2, 114280]
[37, 0, 1, 114281]
[36, 1, 2, 114282]
[36, 1, 13, 114283]
[37, 0, 1, 114284]
[36, 1, 3, 114285]
[37, 0, 1, 114286]
[37, 1, 23, 114287]
[36, 1, 2, 114288]
[37, 0, 1, 114289]
[37, 1, 2, 114290]
[35, 1, 3, 114291]
[36, 0, 1, 114292]
[36, 1, 37, 114293]
[36, 1, 3, 114294]
[37, 0, 1, 114295]
[36, 1, 2, 114296]
[37, 0, 1, 114297]
[37, 1, 2, 114298]
[38, 0, 1, 114299]
[35, 1, 2, 114300]
[36, 0, 1, 114301]
[36, 1, 2, 114302]
[36, 1, 3, 114303]
[36, 1, 2, 114304]
[36, 1, 5, 114305]
[36, 1, 2, 114306]
[36, 1, 151, 114307]
[35, 1, 17, 114308]
[35, 1, 3, 114309]
[36, 0, 1, 114310]
[37, 0, 2, 114311]
[35, 1, 2, 114312]
[36, 0, 1, 114313]
[36, 1, 2, 114314]
[36, 1, 3, 114315]
[36, 1, 2, 114316]
[37, 0, 1, 114317]
[35, 1, 2, 114318]
[36, 0, 1, 114319]
[36, 1, 2, 114320]
[36, 1, 3, 114321]
[36, 1, 13, 114322]
[36, 1, 11, 114323]
[36, 1, 2, 114324]
[36, 1, 5, 114325]
[37, 0, 1, 114326]
[36, 1, 3, 114327]
[37, 0, 1, 114328]
[38, 0, 2, 114329]
[36, 1, 2, 114330]
[37, 0, 1, 114331]
[37, 1, 2, 114332]
[37, 1, 3, 114333]
[36, 1, 2, 114334]
[37, 0, 1, 114335]
[35, 1, 2, 114336]
[36, 0, 1, 114337]
[36, 1, 2, 114338]
[36, 1, 3, 114339]
[36, 1, 2, 114340]
[37, 0, 1, 114341]
[36, 1, 2, 114342]
[37, 0, 1, 114343]
[36, 1, 2, 114344]
[35, 1, 3, 114345]
[36, 0, 1, 114346]
[36, 1, 29, 114347]
[35, 1, 2, 114348]
[36, 0, 1, 114349]
[36, 1, 2, 114350]
[36, 1, 3, 114351]
[36, 1, 2, 114352]
[37, 0, 1, 114353]
[36, 1, 2, 114354]
[37, 0, 1, 114355]
[36, 1, 2, 114356]
[37, 0, 1, 114357]
[37, 1, 2, 114358]
[36, 1, 7, 114359]
[36, 1, 2, 114360]
[36, 1, 13, 114361]
[36, 1, 2, 114362]
[36, 1, 3, 114363]
[37, 0, 1, 114364]
[36, 1, 257, 114365]
[36, 1, 2, 114366]
[37, 0, 1, 114367]
[36, 1, 2, 114368]
[37, 0, 1, 114369]
[37, 1, 2, 114370]
[38, 0, 1, 114371]
[35, 1, 2, 114372]
[36, 0, 1, 114373]
[36, 1, 2, 114374]
[36, 1, 3, 114375]
[36, 1, 2, 114376]
[37, 0, 1, 114377]
[36, 1, 2, 114378]
[37, 0, 1, 114379]
[36, 1, 2, 114380]
[36, 1, 3, 114381]
[37, 0, 1, 114382]
[38, 0, 2, 114383]
[36, 1, 2, 114384]
[37, 0, 1, 114385]
[37, 1, 2, 114386]
[36, 1, 3, 114387]
[37, 0, 1, 114388]
[37, 1, 11, 114389]
[35, 1, 3, 114390]
[36, 0, 1, 114391]
[36, 1, 2, 114392]
[36, 1, 3, 114393]
[37, 0, 1, 114394]
[36, 1, 5, 114395]
[37, 0, 1, 114396]
[38, 0, 2, 114397]
[37, 1, 2, 114398]
[35, 1, 3, 114399]
[35, 1, 2, 114400]
[36, 0, 1, 114401]
[36, 1, 2, 114402]
[37, 0, 1, 114403]
[36, 1, 2, 114404]
[36, 1, 3, 114405]
[37, 0, 1, 114406]
[38, 0, 2, 114407]
[36, 1, 2, 114408]
[37, 0, 1, 114409]
[36, 1, 2, 114410]
[36, 1, 11, 114411]
[37, 0, 1, 114412]
[36, 1, 13, 114413]
[37, 0, 1, 114414]
[37, 1, 5, 114415]
[36, 1, 2, 114416]
[37, 0, 1, 114417]
[36, 1, 19, 114418]
[37, 0, 1, 114419]
[36, 1, 2, 114420]
[36, 1, 31, 114421]
[36, 1, 2, 114422]
[37, 0, 1, 114423]
[37, 1, 2, 114424]
[37, 1, 5, 114425]
[34, 1, 2, 114426]
[35, 0, 1, 114427]
[35, 1, 2, 114428]
[35, 1, 3, 114429]
[36, 0, 1, 114430]
[37, 0, 2, 114431]
[35, 1, 2, 114432]
[36, 0, 1, 114433]
[36, 1, 2, 114434]
[35, 1, 3, 114435]
[35, 1, 244, 114436]
[36, 0, 1, 114437]
[36, 1, 2, 114438]
[35, 1, 13, 114439]
[36, 0, 1, 114440]
[37, 0, 2, 114441]
[37, 1, 2, 114442]
[37, 1, 7, 114443]
[35, 1, 2, 114444]
[35, 1, 235, 114445]
[36, 0, 1, 114446]
[36, 1, 3, 114447]
[36, 1, 2, 114448]
[36, 1, 193, 114449]
[35, 1, 2, 114450]
[36, 0, 1, 114451]
[35, 1, 2, 114452]
[34, 1, 3, 114453]
[35, 0, 1, 114454]
[36, 0, 2, 114455]
[35, 1, 3, 114456]
[36, 0, 1, 114457]
[36, 1, 2, 114458]
[36, 1, 3, 114459]
[36, 1, 2, 114460]
[37, 0, 1, 114461]
[35, 1, 3, 114462]
[36, 0, 1, 114463]
[35, 1, 2, 114464]
[35, 1, 3, 114465]
[36, 0, 1, 114466]
[37, 0, 2, 114467]
[36, 1, 2, 114468]
[37, 0, 1, 114469]
[37, 1, 2, 114470]
[36, 1, 3, 114471]
[36, 1, 2, 114472]
[37, 0, 1, 114473]
[37, 1, 2, 114474]
[36, 1, 5, 114475]
[37, 0, 1, 114476]
[36, 1, 3, 114477]
[36, 1, 2, 114478]
[37, 0, 1, 114479]
[35, 1, 2, 114480]
[36, 0, 1, 114481]
[36, 1, 2, 114482]
[36, 1, 3, 114483]
[36, 1, 2, 114484]
[36, 1, 5, 114485]
[36, 1, 2, 114486]
[37, 0, 1, 114487]
[36, 1, 2, 114488]
[36, 1, 3, 114489]
[36, 1, 2, 114490]
[37, 0, 1, 114491]
[36, 1, 2, 114492]
[37, 0, 1, 114493]
[37, 1, 2, 114494]
[36, 1, 3, 114495]
[36, 1, 2, 114496]
[37, 0, 1, 114497]
[36, 1, 2, 114498]
[37, 0, 1, 114499]
[36, 1, 2, 114500]
[37, 0, 1, 114501]
[37, 1, 2, 114502]
[37, 1, 67, 114503]
[35, 1, 2, 114504]
[36, 0, 1, 114505]
[36, 1, 2, 114506]
[36, 1, 3, 114507]
[37, 0, 1, 114508]
[38, 0, 2, 114509]
[36, 1, 2, 114510]
[37, 0, 1, 114511]
[36, 1, 2, 114512]
[36, 1, 3, 114513]
[37, 0, 1, 114514]
[37, 1, 5, 114515]
[36, 1, 2, 114516]
[36, 1, 13, 114517]
[37, 0, 1, 114518]
[37, 1, 3, 114519]
[36, 1, 2, 114520]
[37, 0, 1, 114521]
[37, 1, 2, 114522]
[38, 0, 1, 114523]
[37, 1, 2, 114524]
